# Blue Game - Sun Jan  1 14:59:33 2006
#
# SEED 
1127197013
# PLAYMODE 
1
# INITIAL BOARD
 AS  5H  9C  KH  3C  KC  3H  3D  JD  JH  8S 10C  3S  5C 
 AD  9S  4C  7S  7D  8H  2H  6C  4D  2C  **  5D  8D  JC 
 AC  2D  6H  4S  7C  QC  QD  QS  **  KS 10S  2S  ** 10D 
 AH  JS  9H  6D  5S  7H  8C  4H 10H  **  QH  KD  6S  9D 
# CURRENT BOARD
 AH  2H  3H  4H  5H  6H  7H  8H  9H 10H  JH  QH  KH  ** 
 AC  2C  3C  4C  5C  6C  7C  8C  9C 10C  JC  QC  KC  ** 
 AS  2S  3S  4S  5S  6S  7S  8S  9S 10S  JS  QS  **  KS 
 AD  2D  3D  4D  5D  6D  7D  8D  9D 10D  JD  QD  KD  ** 
# STRATEGY
 AH  2H  3H  4H  5H  6H  7H  8H  9H  JH  JH  **  **  ** 
 AC  2C  3C  4C  5C  7C  8C 10D  JD  QD  9C 10C  JC  6C 
 AS  2S  3S  4S  5S  QC  KC  KD  8S  9S 10S  JS  QS  KS 
 AD  2D  3D  4D  5D  6D  7D  8D  9D 10D  QH  KH  6S  7S 
# HISTORY 151 0
9 51 0
55 40 0
35 36 0
43 35 0
17 55 0
19 43 0
22 24 0
32 22 0
27 32 0
40 27 0
12 40 0
26 19 0
45 26 0
31 45 0
11 31 0
26 17 0
19 26 0
15 11 0
4 15 0
26 19 0
17 26 0
13 17 0
55 9 0
33 4 0
8 33 0
9 55 0
24 8 0
15 24 0
23 15 0
48 23 0
6 48 0
55 9 0
29 6 0
1 29 0
9 55 0
25 9 0
16 25 0
24 16 0
2 24 0
52 2 0
34 52 0
20 1 0
27 20 0
52 34 0
2 52 0
18 27 0
21 18 0
41 21 0
45 41 0
50 45 0
29 50 0
39 29 0
35 39 0
53 35 0
46 53 0
30 46 0
24 30 0
16 24 0
25 16 0
9 25 0
38 12 0
55 9 0
52 2 0
41 52 0
9 55 0
12 38 0
25 9 0
16 25 0
24 16 0
30 24 0
40 30 0
36 40 0
37 41 0
11 37 0
10 36 0
26 10 0
17 26 0
25 17 0
31 25 0
52 31 0
2 52 0
27 11 0
19 12 0
22 19 0
18 27 0
33 22 0
4 33 0
27 18 0
20 13 0
23 20 0
18 27 0
34 23 0
5 34 0
27 18 0
52 2 0
31 52 0
25 31 0
18 27 0
26 18 0
31 25 0
52 31 0
32 26 0
2 52 0
53 32 0
3 53 0
48 2 0
49 3 0
50 4 0
45 50 0
44 49 0
43 48 0
6 43 0
7 44 0
8 45 0
46 5 0
47 6 0
48 7 0
9 46 0
10 47 0
11 48 0
49 8 0
50 9 0
51 10 0
52 11 0
12 49 0
13 50 0
21 51 0
53 12 0
22 52 0
23 53 0
24 21 0
21 24 0
20 23 0
19 22 0
27 19 0
33 27 0
22 20 0
23 21 0
24 22 0
25 23 0
26 24 0
27 25 0
34 26 0
54 33 0
35 54 0
55 34 0
36 35 0
37 36 0
38 37 0
39 38 0
40 39 1
